[[[244 240 235]
  [244 240 235]
  [243 239 234]
  ...
  [241 237 236]
  [242 237 234]
  [242 237 234]]

 [[243 239 234]
  [243 239 234]
  [243 239 234]
  ...
  [241 237 236]
  [241 236 233]
  [241 236 233]]

 [[243 239 234]
  [243 239 234]
  [243 239 234]
  ...
  [240 236 235]
  [242 237 234]
  [242 237 234]]

 ...

 [[237 233 232]
  [236 232 231]
  [236 232 231]
  ...
  [238 233 232]
  [238 234 233]
  [238 234 233]]

 [[238 234 233]
  [237 233 232]
  [237 233 232]
  ...
  [239 234 233]
  [240 235 236]
  [240 235 236]]

 [[239 235 234]
  [238 234 233]
  [238 234 233]
  ...
  [239 234 233]
  [238 233 234]
  [238 233 234]]]